-0.063370 0.042293
-0.062572 0.040197
-0.066735 0.039887
-0.066333 0.045417
-0.063121 0.053316
-0.059663 0.058221
-0.056726 0.060181
-0.056377 0.064377
-0.057574 0.069435
-0.059471 0.073312
-0.061285 0.075956
-0.062387 0.077426
-0.063137 0.077702
-0.063256 0.077216
-0.066032 0.075268
-0.072328 0.071828
-0.076756 0.071943
-0.079305 0.075660
-0.081469 0.079406
-0.083460 0.082889
-0.085266 0.086141
-0.086841 0.089226
-0.088172 0.092251
-0.089168 0.095244
-0.090880 0.097718
-0.093785 0.099492
-0.096584 0.101025
-0.099181 0.102351
-0.101493 0.103526
-0.103476 0.104598
-0.105129 0.105619
-0.106454 0.106548
-0.107485 0.107347
-0.108181 0.108099
-0.108512 0.108847
-0.108580 0.109458
-0.108829 0.109869
-0.112308 0.109016
-0.115443 0.108210
-0.118294 0.107432
-0.120893 0.106710
-0.123260 0.106049
-0.125463 0.105428
-0.127569 0.104793
-0.129579 0.104159
-0.131509 0.103503
-0.133274 0.103097
-0.134044 0.105223
-0.134594 0.107728
-0.134799 0.110847
-0.134930 0.113821
-0.135019 0.116621
-0.135090 0.119242
-0.136509 0.121206
-0.138874 0.122655
-0.141133 0.123969
-0.143272 0.125180
-0.145307 0.126268
-0.147244 0.127211
-0.149090 0.127994
-0.150844 0.128614
-0.152511 0.129071
-0.154092 0.129365
-0.155590 0.129508
-0.157007 0.129501
-0.157998 0.130344
-0.158147 0.133233
-0.158227 0.136086
-0.158226 0.138901
-0.158143 0.141657
-0.157980 0.144335
-0.157749 0.146925
-0.157436 0.149454
-0.157038 0.151926
-0.156567 0.154337
-0.156039 0.156680
-0.155455 0.158945
-0.154813 0.161143
-0.154114 0.163283
-0.153351 0.165375
-0.152549 0.167433
-0.153610 0.168768
-0.155165 0.169856
-0.156658 0.170881
-0.158090 0.171846
-0.159467 0.172747
-0.160801 0.173569
-0.162089 0.174333
-0.163335 0.175052
-0.164551 0.175723
-0.165750 0.176350
-0.166937 0.176938
-0.168109 0.177496
-0.169265 0.178009
-0.170391 0.178488
-0.171491 0.178941
-0.172561 0.179387
-0.173618 0.179823
-0.174659 0.180250
-0.175679 0.180664
-0.176694 0.181056
-0.177708 0.181421
-0.178711 0.181761
-0.179678 0.182113
-0.180556 0.182643
-0.181437 0.183119
-0.182318 0.183549
-0.183206 0.183922
-0.184100 0.184251
-0.185006 0.184531
-0.185929 0.184753
-0.186866 0.184917
-0.187805 0.185030
-0.188750 0.185088
-0.189709 0.185097
-0.190677 0.185063
-0.191651 0.184994
-0.192635 0.184881
-0.193626 0.184730
-0.194631 0.184531
-0.195643 0.184288
-0.196658 0.184011
-0.197576 0.183963
-0.198489 0.183900
-0.199344 0.183944
-0.200159 0.184051
-0.200971 0.184107
-0.201779 0.184125
-0.202579 0.184117
-0.203379 0.184083
-0.204182 0.184014
-0.204977 0.183914
-0.205777 0.183779
-0.206575 0.183630
-0.207371 0.183465
-0.208168 0.183285
-0.208963 0.183089
-0.209756 0.182877
-0.210558 0.182640
-0.210949 0.183563
-0.211329 0.184545
-0.211716 0.185519
-0.212108 0.186490
-0.212509 0.187454
-0.212917 0.188417
-0.213329 0.189382
-0.213751 0.190340
-0.214181 0.191287
-0.214620 0.192219
-0.215067 0.193137
-0.215515 0.194043
-0.215958 0.194946
-0.216399 0.195838
-0.216836 0.196714
-0.217273 0.197573
-0.217706 0.198417
-0.218132 0.199248
-0.218548 0.200070
-0.218952 0.200879
-0.219339 0.201681
-0.219704 0.202476
-0.220044 0.203268
-0.220357 0.204060
-0.220646 0.204849
-0.220911 0.205634
-0.221154 0.206418
-0.221377 0.207196
-0.221572 0.207973
-0.269609 0.256564
-0.270217 0.257327
-0.270819 0.258073
-0.271417 0.258803
-0.272009 0.259521
-0.272592 0.260224
-0.273176 0.260907
-0.273755 0.261572
-0.274322 0.262221
-0.274877 0.262858
-0.275418 0.263482
-0.275942 0.264096
-0.276451 0.264697
-0.276943 0.265285
-0.277419 0.265859
-0.277879 0.266419
-0.278322 0.266965
-0.278749 0.267502
-0.279156 0.268028
-0.279545 0.268545
-0.279916 0.269052
-0.280270 0.269554
-0.280602 0.270051
-0.280912 0.270543
-0.281204 0.271027
-0.281476 0.271504
-0.281729 0.271976
-0.281965 0.272442
-0.282184 0.272903
-0.282378 0.273359
-0.282550 0.273811
-0.282702 0.274256
-0.282833 0.274697
-0.282946 0.275134
-0.283042 0.275567
-0.283129 0.275996
-0.283200 0.276422
-0.283262 0.276843
-0.283314 0.277262
-0.283350 0.277678
-0.283374 0.278093
-0.283383 0.278506
-0.283378 0.278920
-0.283359 0.279332
-0.283322 0.279744
-0.283265 0.280156
-0.283188 0.280571
-0.283092 0.280984
-0.283092 0.281367
-0.283294 0.281691
-0.283493 0.282011
-0.283690 0.282328
-0.283877 0.282641
-0.284055 0.282950
-0.284224 0.283256
-0.284393 0.283560
-0.284777 0.283802
-0.286527 0.283679
-0.288270 0.283557
-0.290005 0.283438
-0.291730 0.283322
-0.293442 0.283207
-0.295147 0.283095
-0.296845 0.282982
-0.298538 0.282871
-0.300218 0.282763
-0.301883 0.282656
-0.303535 0.282549
-0.305173 0.282445
-0.306795 0.282345
-0.308398 0.282247
-0.309985 0.282151
-0.311555 0.282059
-0.313116 0.281967
-0.314661 0.281873
-0.316194 0.281778
-0.317713 0.281681
-0.319220 0.281580
-0.320716 0.281479
