1.000000 1.136416 0.513286 1992/08/05
8.000000 0.742717 0.336554 1992/15/05
15.000000 -1.616265 -0.722397 1992/22/05
22.000000 -0.311741 -0.136794 1992/29/05
29.000000 2.811369 1.265175 1992/05/06
36.000000 2.524976 1.136612 1992/12/06
43.000000 2.468537 1.111277 1992/19/06
50.000000 1.829907 0.824595 1992/26/06
57.000000 -2.553707 -1.143216 1992/03/07
64.000000 1.375243 0.620496 1992/10/07
71.000000 -1.734358 -0.775409 1992/17/07
78.000000 1.298637 0.586107 1992/24/07
85.000000 -2.821546 -1.263449 1992/31/07
92.000000 0.683074 0.309780 1992/07/08
99.000000 -3.675299 -1.646700 1992/14/08
106.000000 -2.289949 -1.024814 1992/21/08
113.000000 2.370381 1.067214 1992/29/08
120.000000 -3.458679 -1.549459 1992/04/09
127.000000 -5.057512 -2.267177 1992/11/09
134.000000 1.356901 0.612262 1992/18/09
141.000000 -1.379743 -0.616221 1992/25/09
148.000000 -1.769912 -0.791369 1992/02/10
155.000000 -1.255146 -0.560290 1992/09/10
162.000000 3.383023 1.521791 1992/16/10
169.000000 -1.937809 -0.866738 1992/23/10
176.000000 -0.721714 -0.320831 1992/30/10
NaN NaN NaN 1992/06/11
190.000000 0.722817 0.327621 1992/13/11
197.000000 0.889629 0.402503 1992/20/11
204.000000 -0.520302 -0.230417 1992/27/11
211.000000 -0.845784 -0.376527 1992/04/12
218.000000 7.931490 3.563604 1992/11/12
225.000000 1.097401 0.495772 1992/18/12
232.000000 1.836005 0.827332 1992/24/12
239.000000 4.970226 2.234289 1992/31/12
246.000000 3.112608 1.400401 1993/08/01
253.000000 0.446075 0.203391 1993/15/01
260.000000 -1.235357 -0.551407 1993/22/01
267.000000 -0.265947 -0.116237 1993/29/01
274.000000 0.602266 0.273505 1993/05/02
281.000000 4.489807 2.018628 1993/12/02
288.000000 3.529921 1.587734 1993/19/02
295.000000 2.888532 1.299813 1993/26/02
302.000000 6.344011 2.850983 1993/05/03
309.000000 4.626762 2.080107 1993/12/03
316.000000 3.998648 1.798146 1993/19/03
323.000000 1.372282 0.619166 1993/26/03
330.000000 -0.119755 -0.050611 1993/02/04
337.000000 -1.295742 -0.578513 1993/08/04
344.000000 -1.815642 -0.811897 1993/16/04
351.000000 1.398139 0.630773 1993/23/04
358.000000 1.510095 0.681031 1993/30/04
365.000000 0.181115 0.084450 1993/07/05
372.000000 -0.781862 -0.347832 1993/14/05
379.000000 -0.665970 -0.295808 1993/21/05
386.000000 0.727665 0.329797 1993/28/05
393.000000 1.824209 0.822037 1993/04/06
400.000000 -3.644378 -1.632819 1993/11/06
407.000000 2.361330 1.063151 1993/18/06
414.000000 -1.320969 -0.589838 1993/25/06
421.000000 2.725620 1.226682 1993/02/07
428.000000 -0.871848 -0.388227 1993/09/07
435.000000 -0.505179 -0.223628 1993/16/07
442.000000 -0.404113 -0.178260 1993/23/07
449.000000 1.234506 0.557319 1993/30/07
456.000000 3.407424 1.532744 1993/06/08
463.000000 0.385490 0.176194 1993/13/08
470.000000 1.303982 0.588507 1993/20/08
477.000000 3.122702 1.404933 1993/27/08
484.000000 0.135865 0.064137 1993/03/09
491.000000 0.861770 0.389997 1993/10/09
498.000000 0.262286 0.120887 1993/17/09
505.000000 -1.437819 -0.642292 1993/24/09
512.000000 -0.081673 -0.033516 1993/01/10
519.000000 1.278833 0.577217 1993/08/10
526.000000 -1.057851 -0.471724 1993/15/10
533.000000 0.786198 0.356072 1993/23/10
540.000000 -1.472426 -0.657827 1993/29/10
547.000000 -1.299142 -0.580040 1993/05/11
554.000000 3.218075 1.447746 1993/12/11
561.000000 4.158337 1.869831 1993/19/11
568.000000 0.457669 0.208595 1993/26/11
575.000000 1.229030 0.554860 1993/03/12
582.000000 -0.547472 -0.242614 1993/10/12
589.000000 0.185804 0.086555 1993/17/12
596.000000 -1.015444 -0.452687 1993/24/12
603.000000 0.873169 0.395114 1993/30/12
610.000000 -2.174582 -0.973026 1994/07/01
617.000000 -2.264823 -1.013535 1994/14/01
624.000000 -0.412890 -0.182200 1994/21/01
631.000000 -3.382711 -1.515357 1994/28/01
638.000000 -2.146305 -0.960332 1994/05/02
645.000000 -1.343423 -0.599918 1994/11/02
652.000000 -1.141352 -0.509207 1994/18/02
659.000000 -0.004909 0.000943 1994/25/02
666.000000 -1.016620 -0.453215 1994/04/03
673.000000 -0.007071 -0.000027 1994/11/03
680.000000 -2.635414 -1.179894 1994/18/03
687.000000 -3.430013 -1.536591 1994/25/03
694.000000 -0.829168 -0.369068 1994/01/04
701.000000 -1.481892 -0.662077 1994/08/04
708.000000 -0.318693 -0.139915 1994/15/04
715.000000 0.317695 0.145761 1994/22/04
722.000000 3.761665 1.691764 1994/29/04
729.000000 0.744227 0.337232 1994/06/05
736.000000 -0.897345 -0.399673 1994/13/05
743.000000 -0.349678 -0.153824 1994/20/05
750.000000 0.236744 0.109422 1994/27/05
757.000000 -2.312186 -1.034797 1994/03/06
764.000000 0.246242 0.113685 1994/10/06
771.000000 -4.257832 -1.908200 1994/16/06
778.000000 -0.776082 -0.345237 1994/24/06
785.000000 2.918863 1.313429 1994/01/07
792.000000 0.354347 0.162214 1994/08/07
799.000000 -2.421365 -1.083807 1994/15/07
806.000000 -1.788191 -0.799574 1994/22/07
813.000000 -1.423400 -0.635819 1994/29/07
820.000000 0.229093 0.105987 1994/05/08
827.000000 0.419265 0.191356 1994/12/08
834.000000 -0.608658 -0.270080 1994/19/08
841.000000 -1.536044 -0.686386 1994/26/08
848.000000 -0.339918 -0.149443 1994/02/09
855.000000 3.196782 1.438187 1994/09/09
862.000000 -2.605252 -1.166354 1994/16/09
869.000000 -0.952295 -0.424340 1994/23/09
876.000000 -0.678337 -0.301359 1994/30/09
883.000000 0.424107 0.193529 1994/07/10
890.000000 0.233136 0.107802 1994/14/10
897.000000 1.086614 0.490930 1994/21/10
904.000000 -0.148622 -0.063569 1994/28/10
911.000000 -1.707458 -0.763333 1994/04/11
918.000000 -1.407073 -0.628490 1994/11/11
925.000000 -3.447335 -1.544367 1994/18/11
932.000000 -1.431034 -0.639246 1994/25/11
939.000000 0.706085 0.320109 1994/02/12
946.000000 -2.384543 -1.067278 1994/09/12
953.000000 -0.383981 -0.169223 1994/16/12
960.000000 -2.425346 -1.085594 1994/23/12
967.000000 0.626761 0.284501 1994/30/12
974.000000 2.586899 1.164410 1995/06/01
981.000000 -0.660540 -0.293370 1995/13/01
NaN NaN NaN 1995/20/01
NaN NaN NaN 1995/28/01
1002.000000 -2.093571 -0.936660 1995/03/02
1009.000000 -3.749187 -1.679868 1995/11/02
1016.000000 -3.222616 -1.443490 1995/17/02
1023.000000 -2.709799 -1.213286 1995/24/02
1030.000000 -3.034512 -1.359050 1995/03/03
1037.000000 -1.418646 -0.633685 1995/10/03
1044.000000 -1.262650 -0.563658 1995/17/03
1051.000000 -1.296089 -0.578669 1995/24/03
1058.000000 -0.488306 -0.216054 1995/31/03
1065.000000 -1.789146 -0.800003 1995/07/04
1072.000000 -0.969680 -0.432144 1995/14/04
1079.000000 -1.142908 -0.509906 1995/21/04
1086.000000 -0.084388 -0.034735 1995/28/04
1093.000000 -1.472750 -0.657972 1995/05/05
1100.000000 -0.060059 -0.023814 1995/12/05
1107.000000 -0.272025 -0.118965 1995/19/05
1114.000000 0.922000 0.417034 1995/26/05
1121.000000 -0.810803 -0.360823 1995/02/06
1128.000000 2.423649 1.091127 1995/09/06
1135.000000 1.416881 0.639187 1995/16/06
1142.000000 -1.551460 -0.693306 1995/23/06
1149.000000 0.687196 0.311630 1995/30/06
1156.000000 -1.048797 -0.467660 1995/07/07
1163.000000 3.229589 1.452914 1995/14/07
1170.000000 1.612932 0.727195 1995/21/07
1177.000000 0.024163 0.013994 1995/28/07
1184.000000 -0.440738 -0.194701 1995/04/08
1191.000000 0.617824 0.280489 1995/11/08
1198.000000 0.923434 0.417678 1995/18/08
1205.000000 2.603871 1.172028 1995/25/08
1212.000000 -1.038903 -0.463218 1995/01/09
1219.000000 1.251070 0.564754 1995/08/09
1226.000000 -1.216649 -0.543009 1995/15/09
1233.000000 1.420570 0.640843 1995/22/09
1240.000000 1.147752 0.518375 1995/29/09
1247.000000 0.251552 0.116069 1995/06/10
1254.000000 2.919447 1.313691 1995/13/10
1261.000000 4.698914 2.112496 1995/20/10
1268.000000 -0.303342 -0.133024 1995/27/10
1275.000000 3.977910 1.788837 1995/03/11
1282.000000 0.685849 0.311026 1995/10/11
1289.000000 0.211164 0.097939 1995/17/11
1296.000000 -2.058217 -0.920790 1995/24/11
1303.000000 -2.347221 -1.050524 1995/01/12
1310.000000 4.806444 2.160767 1995/08/12
1317.000000 -0.807460 -0.359323 1995/15/12
1324.000000 0.728681 0.330253 1995/22/12
1331.000000 0.530841 0.241442 1995/29/12
1338.000000 3.103940 1.396510 1996/05/01
1345.000000 -1.557526 -0.696029 1996/12/01
1352.000000 -0.688845 -0.306077 1996/19/01
1359.000000 -2.884507 -1.291712 1996/26/01
NaN NaN NaN 1996/02/02
NaN NaN NaN 1996/09/02
NaN NaN NaN 1996/16/02
1387.000000 1.773492 0.799270 1996/23/02
1394.000000 0.546296 0.248380 1996/01/03
1401.000000 -1.365286 -0.609732 1996/08/03
1408.000000 -2.693158 -1.205815 1996/15/03
1415.000000 -0.478217 -0.211525 1996/22/03
1422.000000 1.089065 0.492030 1996/29/03
1429.000000 1.827984 0.823732 1996/05/04
1436.000000 -1.973072 -0.882568 1996/12/04
1443.000000 -0.957289 -0.426582 1996/19/04
1450.000000 0.919965 0.416120 1996/26/04
1457.000000 -1.159374 -0.517297 1996/03/05
1464.000000 1.153553 0.520979 1996/10/05
1471.000000 -0.135715 -0.057776 1996/17/05
1478.000000 1.384986 0.624869 1996/24/05
1485.000000 2.324558 1.046645 1996/31/05
1492.000000 -3.751060 -1.680709 1996/07/06
1499.000000 -1.538444 -0.687463 1996/14/06
1506.000000 3.783927 1.701757 1996/22/06
1513.000000 -3.443619 -1.542699 1996/28/06
1520.000000 1.588845 0.716382 1996/06/07
1527.000000 -0.248320 -0.108324 1996/13/07
1534.000000 -0.973502 -0.433859 1996/19/07
1541.000000 -3.103055 -1.389819 1996/26/07
1548.000000 3.339377 1.502198 1996/02/08
NaN NaN NaN 1996/09/08
NaN NaN NaN 1996/16/08
1569.000000 -0.576414 -0.255606 1996/23/08
1576.000000 3.918119 1.761996 1996/30/08
1583.000000 -2.308955 -1.033346 1996/06/09
1590.000000 0.090899 0.043952 1996/13/09
1597.000000 -0.680745 -0.302440 1996/20/09
1604.000000 -0.389880 -0.171871 1996/27/09
1611.000000 -0.420769 -0.185737 1996/04/10
1618.000000 2.143295 0.965275 1996/11/10
1625.000000 -0.300788 -0.131877 1996/18/10
1632.000000 2.463320 1.108935 1996/25/10
1639.000000 0.500703 0.227914 1996/01/11
1646.000000 -0.155396 -0.066610 1996/08/11
1653.000000 -2.624035 -1.174786 1996/15/11
1660.000000 -0.456884 -0.201949 1996/22/11
1667.000000 2.161630 0.973506 1996/29/11
1674.000000 -0.615657 -0.273222 1996/06/12
1681.000000 0.031540 0.017305 1996/13/12
1688.000000 -2.018727 -0.903063 1996/20/12
1695.000000 0.229812 0.106310 1996/28/12
1702.000000 -1.597816 -0.714115 1997/03/01
1709.000000 -1.877243 -0.839550 1997/10/01
1716.000000 2.505845 1.128024 1997/17/01
1723.000000 0.036300 0.019442 1997/24/01
1730.000000 1.160027 0.523885 1997/01/02
1737.000000 1.184416 0.534833 1997/07/02
1744.000000 -0.741346 -0.329644 1997/14/02
1751.000000 -0.586110 -0.259958 1997/21/02
1758.000000 1.643258 0.740808 1997/28/02
1765.000000 0.601739 0.273269 1997/07/03
1772.000000 2.645885 1.190889 1997/14/03
1779.000000 1.263406 0.570292 1997/21/03
1786.000000 2.132656 0.960499 1997/28/03
1793.000000 0.842051 0.381145 1997/04/04
1800.000000 0.969435 0.438328 1997/11/04
1807.000000 -0.878540 -0.391231 1997/18/04
1814.000000 1.262995 0.570107 1997/24/04
1821.000000 3.336615 1.500958 1997/02/05
1828.000000 2.052199 0.924382 1997/09/05
1835.000000 -0.253344 -0.110579 1997/16/05
1842.000000 1.803817 0.812883 1997/23/05
1849.000000 1.534478 0.691976 1997/30/05
1856.000000 2.466624 1.110418 1997/06/06
1863.000000 3.815801 1.716065 1997/13/06
1870.000000 -0.264371 -0.115529 1997/20/06
1877.000000 0.638444 0.289745 1997/27/06
1884.000000 -0.453993 -0.200651 1997/04/07
1891.000000 -2.549736 -1.141433 1997/11/07
1898.000000 -1.775877 -0.794047 1997/18/07
1905.000000 -1.767811 -0.790426 1997/25/07
1912.000000 -1.978572 -0.885037 1997/31/07
1919.000000 -0.818264 -0.364173 1997/08/08
1926.000000 -4.053646 -1.816541 1997/14/08
1933.000000 -0.427863 -0.188921 1997/22/08
1940.000000 -1.570352 -0.701786 1997/29/08
1947.000000 -1.356922 -0.605977 1997/05/09
1954.000000 1.079991 0.487956 1997/12/09
1961.000000 -1.629073 -0.728146 1997/19/09
1968.000000 -2.541138 -1.137573 1997/26/09
1975.000000 -0.841435 -0.374574 1997/03/10
1982.000000 0.315892 0.144952 1997/10/10
1989.000000 -0.062948 -0.025110 1997/17/10
1996.000000 -1.612122 -0.720537 1997/24/10
2003.000000 0.583153 0.264925 1997/31/10
2010.000000 -1.223980 -0.546300 1997/07/11
2017.000000 -1.802508 -0.806001 1997/14/11
2024.000000 -0.043872 -0.016547 1997/21/11
2031.000000 -2.162173 -0.967455 1997/28/11
2038.000000 -1.484192 -0.663109 1997/05/12
2045.000000 -1.909272 -0.853928 1997/12/12
2052.000000 -3.319050 -1.486779 1997/19/12
2059.000000 5.852938 2.630539 1997/26/12
2066.000000 -1.698264 -0.759206 1998/02/01
2073.000000 -2.088474 -0.934372 1998/09/01
2080.000000 -0.183798 -0.079360 1998/16/01
2087.000000 3.249944 1.462052 1998/22/01
2094.000000 0.987746 0.446548 1998/30/01
NaN NaN NaN 1998/06/02
2108.000000 -0.007833 -0.000369 1998/13/02
2115.000000 -0.803653 -0.357614 1998/20/02
2122.000000 0.150010 0.070487 1998/27/02
2129.000000 0.156606 0.073447 1998/06/03
2136.000000 -0.708782 -0.315026 1998/13/03
2143.000000 1.390238 0.627227 1998/20/03
2150.000000 1.410912 0.636508 1998/27/03
2157.000000 0.800824 0.362638 1998/03/04
2164.000000 0.287314 0.132123 1998/10/04
2171.000000 -0.313108 -0.137408 1998/17/04
2178.000000 -0.145329 -0.062091 1998/29/04
2185.000000 -0.386145 -0.170194 1998/08/05
2192.000000 -1.644682 -0.735153 1998/15/05
2199.000000 -2.842692 -1.272942 1998/22/05
2206.000000 0.995269 0.449925 1998/29/05
2213.000000 0.841843 0.381052 1998/05/06
2220.000000 1.037004 0.468659 1998/12/06
2227.000000 -0.261646 -0.114306 1998/19/06
2234.000000 -0.728443 -0.323852 1998/26/06
2241.000000 4.360897 1.960760 1998/03/07
2248.000000 -1.040093 -0.463752 1998/10/07
2255.000000 -2.747921 -1.230399 1998/17/07
2262.000000 1.991578 0.897169 1998/24/07
2269.000000 0.083944 0.040830 1998/31/07
2276.000000 0.226737 0.104930 1998/07/08
2283.000000 3.810101 1.713507 1998/14/08
2290.000000 2.967192 1.335124 1998/21/08
2297.000000 -1.335513 -0.596367 1998/28/08
2304.000000 -0.008089 -0.000484 1998/04/09
2311.000000 2.562826 1.153603 1998/11/09
2318.000000 -0.916171 -0.408123 1998/18/09
2325.000000 1.484425 0.669508 1998/25/09
2332.000000 2.116546 0.953267 1998/02/10
2339.000000 4.963978 2.231484 1998/09/10
2346.000000 2.581706 1.162079 1998/16/10
2353.000000 2.065217 0.930226 1998/23/10
2360.000000 0.989807 0.447473 1998/30/10
2367.000000 -1.860081 -0.831846 1998/06/11
2374.000000 -0.291448 -0.127684 1998/13/11
2381.000000 3.196762 1.438178 1998/20/11
2388.000000 4.273299 1.921437 1998/27/11
2395.000000 0.064374 0.032044 1998/04/12
2402.000000 -2.146420 -0.960384 1998/11/12
2409.000000 2.751963 1.238507 1998/18/12
2416.000000 0.848238 0.383922 1998/26/12
NaN NaN NaN 1999/01/01
2430.000000 1.489760 0.671903 1999/08/01
2437.000000 3.064277 1.378705 1999/15/01
2444.000000 2.536283 1.141688 1999/22/01
2451.000000 2.199461 0.990488 1999/29/01
2458.000000 2.288082 1.030270 1999/05/02
2465.000000 2.717474 1.223025 1999/12/02
2472.000000 -0.075598 -0.030789 1999/19/02
2479.000000 1.327326 0.598986 1999/26/02
2486.000000 -1.533461 -0.685226 1999/05/03
2493.000000 -0.195835 -0.084764 1999/12/03
2500.000000 7.574009 3.403130 1999/19/03
2507.000000 2.861302 1.287589 1999/26/03
2514.000000 0.152310 0.071519 1999/02/04
2521.000000 2.173869 0.979000 1999/09/04
2528.000000 -0.497143 -0.220021 1999/16/04
2535.000000 5.195634 2.335475 1999/23/04
2542.000000 1.227493 0.554170 1999/30/04
2549.000000 1.412153 0.637065 1999/07/05
2556.000000 1.691324 0.762385 1999/14/05
2563.000000 -0.845626 -0.376455 1999/21/05
2570.000000 -0.781883 -0.347841 1999/28/05
NaN NaN NaN 1999/04/06
2584.000000 0.401906 0.183563 1999/11/06
2591.000000 0.512924 0.233399 1999/18/06
2598.000000 -0.462839 -0.204622 1999/25/06
2605.000000 -2.509501 -1.123372 1999/02/07
2612.000000 1.587913 0.715964 1999/09/07
2619.000000 -3.415885 -1.530248 1999/16/07
2626.000000 -2.445773 -1.094764 1999/23/07
2633.000000 -0.325551 -0.142993 1999/30/07
2640.000000 -2.447304 -1.095451 1999/06/08
2647.000000 1.029156 0.465137 1999/13/08
2654.000000 3.606740 1.622218 1999/20/08
2661.000000 0.121415 0.057650 1999/27/08
2668.000000 1.222383 0.551877 1999/03/09
2675.000000 2.912115 1.310400 1999/10/09
2682.000000 1.786214 0.804981 1999/17/09
2689.000000 0.633145 0.287367 1999/24/09
2696.000000 0.453818 0.206867 1999/01/10
2703.000000 -0.478927 -0.211844 1999/08/10
2710.000000 -2.200928 -0.984853 1999/15/10
2717.000000 -2.287354 -1.023649 1999/22/10
2724.000000 1.476622 0.666005 1999/29/10
2731.000000 -1.334817 -0.596054 1999/05/11
2738.000000 3.461266 1.556914 1999/12/11
2745.000000 0.566064 0.257254 1999/19/11
2752.000000 0.088622 0.042930 1999/26/11
2759.000000 0.195576 0.090941 1999/03/12
2766.000000 -1.818977 -0.813394 1999/10/12
2773.000000 -2.903447 -1.300214 1999/16/12
2780.000000 -1.348605 -0.602244 1999/24/12
2787.000000 1.452714 0.655272 1999/31/12
NaN NaN NaN 2000/07/01
2801.000000 1.545550 0.696947 2000/14/01
2808.000000 -3.275023 -1.467015 2000/21/01
2815.000000 -0.212230 -0.092123 2000/28/01
2822.000000 3.137808 1.411714 2000/04/02
2829.000000 2.389843 1.075951 2000/11/02
2836.000000 -1.100104 -0.490691 2000/18/02
2843.000000 1.445562 0.652062 2000/25/02
2850.000000 0.696177 0.315662 2000/03/03
2857.000000 -0.757122 -0.336726 2000/10/03
2864.000000 0.228506 0.105724 2000/17/03
2871.000000 -0.942598 -0.419987 2000/24/03
2878.000000 -0.884928 -0.394098 2000/31/03
2885.000000 0.327773 0.150285 2000/07/04
2892.000000 0.342012 0.156677 2000/14/04
2899.000000 -0.065977 -0.026470 2000/21/04
2906.000000 -0.420768 -0.185736 2000/28/04
2913.000000 1.131744 0.511189 2000/05/05
2920.000000 -4.686097 -2.100449 2000/12/05
2927.000000 -6.054080 -2.714538 2000/19/05
2934.000000 -2.174363 -0.972928 2000/26/05
2941.000000 -1.231597 -0.549719 2000/02/06
2948.000000 0.597096 0.271184 2000/09/06
2955.000000 1.822286 0.821174 2000/16/06
NaN NaN NaN 2000/23/06
2969.000000 4.064822 1.827851 2000/01/07
2976.000000 2.305060 1.037892 2000/07/07
2983.000000 -2.521298 -1.128667 2000/14/07
2990.000000 -1.718626 -0.768347 2000/21/07
2997.000000 -1.880469 -0.840998 2000/28/07
3004.000000 -3.128919 -1.401429 2000/04/08
3011.000000 -2.724054 -1.219685 2000/11/08
3018.000000 0.426545 0.194624 2000/18/08
3025.000000 2.578146 1.160480 2000/25/08
3032.000000 3.489098 1.569408 2000/01/09
3039.000000 -1.239096 -0.553085 2000/08/09
3046.000000 1.758150 0.792383 2000/15/09
3053.000000 -5.271717 -2.363335 2000/22/09
3060.000000 -0.878744 -0.391322 2000/29/09
3067.000000 -4.510946 -2.021823 2000/05/10
3074.000000 -4.414862 -1.978691 2000/13/10
3081.000000 -2.646182 -1.184728 2000/20/10
3088.000000 -1.870394 -0.836476 2000/27/10
3095.000000 0.366584 0.167707 2000/03/11
3102.000000 -1.412201 -0.630792 2000/13/11
3109.000000 -1.295253 -0.578294 2000/17/11
3116.000000 -2.253051 -1.008251 2000/24/11
3123.000000 -3.318352 -1.486466 2000/01/12
3130.000000 -3.436356 -1.539438 2000/08/12
3137.000000 -4.534736 -2.032503 2000/15/12
3144.000000 0.716480 0.324776 2000/23/12
3151.000000 -0.454853 -0.201037 2000/29/12
3158.000000 -0.412645 -0.182090 2001/05/01
3165.000000 -3.252135 -1.456741 2001/12/01
3172.000000 0.510614 0.232363 2001/19/01
3179.000000 -6.100765 -2.735495 2001/26/01
3186.000000 0.797580 0.361182 2001/02/02
3193.000000 -2.949796 -1.321020 2001/09/02
3200.000000 0.882783 0.399429 2001/16/02
3207.000000 -4.617566 -2.069685 2001/23/02
3214.000000 -2.392064 -1.070654 2001/02/03
3221.000000 -0.380189 -0.167520 2001/09/03
3228.000000 -2.599714 -1.163868 2001/16/03
3235.000000 -3.996883 -1.791059 2001/23/03
NaN NaN NaN 2001/30/03
3249.000000 -0.353260 -0.155432 2001/06/04
3256.000000 -2.320340 -1.038457 2001/13/04
3263.000000 -2.141774 -0.958298 2001/20/04
3270.000000 1.067953 0.482553 2001/27/04
3277.000000 -3.516795 -1.575547 2001/04/05
3284.000000 -0.393259 -0.173387 2001/11/05
3291.000000 -1.550672 -0.692952 2001/18/05
3298.000000 -3.080543 -1.379713 2001/24/05
3305.000000 -5.236802 -2.347661 2001/01/06
3312.000000 -0.615837 -0.273303 2001/08/06
3319.000000 -2.506366 -1.121964 2001/15/06
3326.000000 -4.189186 -1.877384 2001/22/06
3333.000000 -0.666794 -0.296178 2001/29/06
3340.000000 -0.632897 -0.280961 2001/06/07
3347.000000 -0.161849 -0.069507 2001/13/07
3354.000000 -4.798023 -2.150692 2001/20/07
3361.000000 -2.145168 -0.959822 2001/27/07
3368.000000 -2.975787 -1.332688 2001/03/08
3375.000000 -3.660555 -1.640081 2001/10/08
3382.000000 -1.477816 -0.660247 2001/17/08
3389.000000 -1.513189 -0.676126 2001/24/08
3396.000000 -4.089306 -1.832548 2001/01/09
3403.000000 -4.295683 -1.925191 2001/07/09
3410.000000 -5.758750 -2.581964 2001/14/09
3417.000000 3.527984 1.586864 2001/21/09
3424.000000 -1.636385 -0.731429 2001/28/09
3431.000000 0.559413 0.254268 2001/05/10
3438.000000 -1.031701 -0.459985 2001/12/10
3445.000000 -2.195760 -0.982533 2001/19/10
3452.000000 -1.818379 -0.813126 2001/26/10
3459.000000 -1.065393 -0.475109 2001/02/11
3466.000000 -2.483460 -1.111682 2001/09/11
3473.000000 1.709396 0.770498 2001/14/11
3480.000000 1.963337 0.884492 2001/23/11
3487.000000 1.986375 0.894833 2001/30/11
3494.000000 2.094162 0.943219 2001/07/12
3501.000000 0.429929 0.196143 2001/14/12
3508.000000 1.354545 0.611204 2001/21/12
3515.000000 -0.353274 -0.155438 2001/28/12
3522.000000 2.013346 0.906941 2002/04/01
3529.000000 -2.660156 -1.191001 2002/11/01
3536.000000 3.470704 1.561151 2002/18/01
3543.000000 -2.360037 -1.056277 2002/25/01
3550.000000 -2.558267 -1.145263 2002/01/02
3557.000000 -0.299317 -0.131217 2002/08/02
3564.000000 -1.947527 -0.871101 2002/15/02
3571.000000 -0.555902 -0.246398 2002/22/02
3578.000000 -1.475874 -0.659375 2002/01/03
3585.000000 -3.347182 -1.499408 2002/08/03
3592.000000 -1.337883 -0.597431 2002/15/03
3599.000000 -0.514494 -0.227810 2002/22/03
3606.000000 1.517753 0.684469 2002/29/03
3613.000000 0.874551 0.395734 2002/05/04
3620.000000 -1.567932 -0.700700 2002/12/04
3627.000000 -0.513548 -0.227385 2002/19/04
3634.000000 2.323307 1.046083 2002/29/04
3641.000000 -0.842824 -0.375198 2002/03/05
3648.000000 0.731070 0.331326 2002/10/05
3655.000000 -2.603939 -1.165765 2002/17/05
3662.000000 0.960979 0.434532 2002/24/05
3669.000000 -1.737779 -0.776945 2002/31/05
3676.000000 -1.226299 -0.547340 2002/07/06
3683.000000 -0.543069 -0.240637 2002/14/06
3690.000000 -1.218748 -0.543951 2002/21/06
3697.000000 -3.965825 -1.777118 2002/28/06
3704.000000 -1.538138 -0.687325 2002/05/07
3711.000000 1.959675 0.882848 2002/12/07
3718.000000 -4.367206 -1.957298 2002/19/07
3725.000000 0.856865 0.387795 2002/26/07
3732.000000 1.318642 0.595087 2002/02/08
NaN NaN NaN 2002/09/08
NaN NaN NaN 2002/16/08
NaN NaN NaN 2002/23/08
NaN NaN NaN 2002/30/08
3767.000000 4.645777 2.088643 2002/06/09
3774.000000 0.462164 0.210613 2002/13/09
3781.000000 1.532905 0.691270 2002/20/09
3788.000000 -0.473595 -0.209450 2002/27/09
3795.000000 1.483413 0.669053 2002/04/10
3802.000000 -1.043485 -0.465275 2002/11/10
3809.000000 -0.650452 -0.288842 2002/18/10
3816.000000 -1.713028 -0.765834 2002/25/10
3823.000000 -1.806774 -0.807916 2002/01/11
3830.000000 -1.417888 -0.633345 2002/08/11
3837.000000 -1.433775 -0.640477 2002/15/11
3844.000000 -2.593512 -1.161084 2002/22/11
3851.000000 -1.278234 -0.570654 2002/29/11
3858.000000 -0.631364 -0.280273 2002/06/12
3865.000000 6.521276 2.930557 2002/13/12
3872.000000 6.181497 2.778030 2002/20/12
NaN NaN NaN 2002/27/12
3886.000000 -6.268773 -2.810914 2003/03/01
3893.000000 -2.355386 -1.054189 2003/10/01
3900.000000 -0.275813 -0.120666 2003/17/01
3907.000000 0.014498 0.009655 2003/24/01
3914.000000 -2.359951 -1.056238 2003/31/01
3921.000000 1.035796 0.468117 2003/07/02
3928.000000 0.397583 0.181623 2003/14/02
3935.000000 -0.307492 -0.134887 2003/21/02
3942.000000 -0.200822 -0.087002 2003/28/02
3949.000000 -1.302146 -0.581388 2003/07/03
3956.000000 -1.139544 -0.508396 2003/14/03
3963.000000 1.330450 0.600388 2003/21/03
3970.000000 -1.967398 -0.880021 2003/28/03
3977.000000 1.652632 0.745016 2003/04/04
3984.000000 -0.543228 -0.240709 2003/11/04
3991.000000 1.671274 0.753384 2003/17/04
3998.000000 1.411878 0.636941 2003/24/04
4005.000000 -1.976718 -0.884204 2003/03/05
4012.000000 0.448661 0.204552 2003/09/05
4019.000000 -2.310764 -1.034158 2003/16/05
4026.000000 0.703952 0.319152 2003/23/05
4033.000000 -1.680732 -0.751336 2003/30/05
4040.000000 -0.110924 -0.046647 2003/06/06
4047.000000 -0.205235 -0.088983 2003/13/06
4054.000000 -0.964566 -0.429848 2003/20/06
4061.000000 -0.061772 -0.024583 2003/27/06
4068.000000 3.278802 1.475006 2003/04/07
4075.000000 -0.488122 -0.215972 2003/11/07
4082.000000 3.561876 1.602078 2003/18/07
4089.000000 4.853575 2.181924 2003/25/07
4096.000000 1.832775 0.825882 2003/01/08
4103.000000 1.576930 0.711033 2003/08/08
4110.000000 4.585710 2.061679 2003/15/08
4117.000000 3.901465 1.754520 2003/22/08
4124.000000 3.429565 1.542684 2003/29/08
4131.000000 -1.401395 -0.625941 2003/05/09
4138.000000 -0.809550 -0.360261 2003/12/09
4145.000000 1.680130 0.757360 2003/19/09
4152.000000 1.485590 0.670031 2003/26/09
4159.000000 1.117298 0.504704 2003/03/10
4166.000000 -0.282249 -0.123555 2003/10/10
4173.000000 -0.559117 -0.247841 2003/17/10
4180.000000 2.291433 1.031775 2003/24/10
4187.000000 -1.645714 -0.735616 2003/31/10
4194.000000 2.293831 1.032851 2003/07/11
4201.000000 0.413375 0.188712 2003/14/11
4208.000000 -1.245371 -0.555902 2003/20/11
4215.000000 0.137315 0.064788 2003/28/11
4222.000000 -1.921117 -0.859245 2003/05/12
4229.000000 -1.725621 -0.771487 2003/12/12
4236.000000 0.316454 0.145204 2003/19/12
4243.000000 0.195500 0.090907 2003/27/12
4250.000000 1.309929 0.591176 2004/02/01
4257.000000 -6.163461 -2.763639 2004/09/01
4264.000000 -0.909023 -0.404915 2004/16/01
4271.000000 1.358235 0.612861 2004/23/01
4278.000000 0.283181 0.130267 2004/30/01
4285.000000 -1.768943 -0.790934 2004/06/02
4292.000000 1.977938 0.891046 2004/13/02
4299.000000 -2.278890 -1.019850 2004/21/02
4306.000000 -2.060655 -0.921884 2004/27/02
4313.000000 1.963057 0.884366 2004/05/03
4320.000000 0.774323 0.350742 2004/12/03
4327.000000 2.616783 1.177825 2004/19/03
4334.000000 -0.834604 -0.371508 2004/26/03
4341.000000 -0.323907 -0.142255 2004/02/04
4348.000000 -0.474659 -0.209928 2004/09/04
4355.000000 -0.460374 -0.203515 2004/16/04
4362.000000 0.624921 0.283675 2004/23/04
4369.000000 -0.143868 -0.061436 2004/30/04
4376.000000 0.436597 0.199136 2004/07/05
4383.000000 0.377639 0.172670 2004/14/05
4390.000000 -2.951787 -1.321914 2004/21/05
4397.000000 -0.005318 0.000760 2004/28/05
4404.000000 0.550720 0.250366 2004/04/06
4411.000000 -1.762629 -0.788100 2004/11/06
4418.000000 2.063250 0.929343 2004/18/06
4425.000000 3.574882 1.607917 2004/25/06
4432.000000 3.877180 1.743619 2004/02/07
4439.000000 2.454013 1.104757 2004/09/07
4446.000000 -1.731144 -0.773966 2004/16/07
4453.000000 -2.504526 -1.121138 2004/23/07
4460.000000 0.738627 0.334718 2004/30/07
4467.000000 3.504724 1.576423 2004/06/08
4474.000000 3.742429 1.683129 2004/13/08
4481.000000 -0.246844 -0.107662 2004/20/08
4488.000000 -2.888559 -1.293531 2004/27/08
4495.000000 -1.894828 -0.847444 2004/03/09
4502.000000 -1.074334 -0.479123 2004/10/09
4509.000000 0.137571 0.064903 2004/17/09
4516.000000 0.828629 0.375120 2004/24/09
4523.000000 -6.560714 -2.941967 2004/01/10
4530.000000 -7.287810 -3.268361 2004/08/10
4537.000000 -2.998411 -1.342844 2004/15/10
4544.000000 -4.027324 -1.804725 2004/22/10
4551.000000 -3.939095 -1.765118 2004/29/10
4558.000000 -1.168675 -0.521473 2004/05/11
4565.000000 -3.082042 -1.380386 2004/12/11
4572.000000 -2.096740 -0.938083 2004/19/11
4579.000000 -3.072309 -1.376017 2004/26/11
4586.000000 -5.900588 -2.645635 2004/03/12
4593.000000 -2.625869 -1.175609 2004/10/12
4600.000000 -2.474915 -1.107846 2004/17/12
4607.000000 -2.236818 -1.000964 2004/24/12
4614.000000 3.597255 1.617960 2004/31/12
4621.000000 -0.115551 -0.048724 2005/07/01
4628.000000 -1.029325 -0.458918 2005/14/01
4635.000000 -0.058865 -0.023278 2005/21/01
4642.000000 1.490851 0.672392 2005/28/01
4649.000000 -1.544807 -0.690319 2005/04/02
4656.000000 -1.639645 -0.732892 2005/11/02
4663.000000 2.813750 1.266243 2005/18/02
4670.000000 -2.955701 -1.323672 2005/25/02
4677.000000 2.152601 0.969453 2005/04/03
4684.000000 -1.589034 -0.710173 2005/11/03
4691.000000 3.513308 1.580276 2005/18/03
4698.000000 -3.915096 -1.754345 2005/25/03
4705.000000 0.072039 0.035485 2005/01/04
4712.000000 1.151543 0.520077 2005/08/04
4719.000000 -0.259727 -0.113445 2005/15/04
4726.000000 -0.755463 -0.335981 2005/22/04
4733.000000 0.339537 0.155566 2005/29/04
4740.000000 1.418824 0.640059 2005/06/05
4747.000000 0.273836 0.126073 2005/13/05
4754.000000 -3.566477 -1.597850 2005/20/05
4761.000000 2.094105 0.943194 2005/27/05
4768.000000 -0.641030 -0.284612 2005/03/06
4775.000000 0.038717 0.020527 2005/10/06
4782.000000 1.871369 0.843207 2005/17/06
4789.000000 -1.917271 -0.857519 2005/24/06
4796.000000 0.006860 0.006226 2005/01/07
4803.000000 2.256694 1.016180 2005/08/07
4810.000000 -6.895295 -3.092161 2005/15/07
4817.000000 1.343634 0.606306 2005/22/07
4824.000000 0.017223 0.010879 2005/29/07
4831.000000 -2.549082 -1.141139 2005/05/08
4838.000000 -2.907504 -1.302036 2005/12/08
4845.000000 -2.747397 -1.230163 2005/19/08
4852.000000 -2.894843 -1.296352 2005/26/08
4859.000000 -0.172411 -0.074249 2005/02/09
4866.000000 -1.089063 -0.485735 2005/09/09
4873.000000 9.719762 4.366362 2005/16/09
4880.000000 -2.258108 -1.010521 2005/23/09
4887.000000 -1.331962 -0.594773 2005/30/09
4894.000000 2.821254 1.269612 2005/07/10
4901.000000 5.136327 2.308852 2005/14/10
4908.000000 4.809078 2.161949 2005/21/10
4915.000000 6.145653 2.761940 2005/28/10
4922.000000 2.521815 1.135194 2005/04/11
4929.000000 4.092294 1.840184 2005/11/11
4936.000000 2.050210 0.923489 2005/18/11
4943.000000 6.916621 3.108028 2005/25/11
4950.000000 3.630201 1.632750 2005/02/12
4957.000000 2.437060 1.097147 2005/09/12
4964.000000 4.070733 1.830505 2005/16/12
4971.000000 -0.697688 -0.310046 2005/23/12
4978.000000 3.560716 1.601558 2005/30/12
4985.000000 4.443082 1.997653 2006/06/01
4992.000000 1.495248 0.674366 2006/13/01
4999.000000 5.832299 2.621275 2006/20/01
5006.000000 2.189131 0.985851 2006/27/01
5013.000000 1.501001 0.676948 2006/03/02
5020.000000 -2.675974 -1.198101 2006/10/02
5027.000000 2.275607 1.024670 2006/17/02
5034.000000 0.844731 0.382348 2006/24/02
5041.000000 -0.477848 -0.211360 2006/03/03
5048.000000 0.070425 0.034761 2006/10/03
5055.000000 2.193797 0.987946 2006/17/03
5062.000000 0.957955 0.433174 2006/24/03
5069.000000 -1.630354 -0.728721 2006/31/03
5076.000000 -0.483801 -0.214032 2006/07/04
5083.000000 1.914967 0.862779 2006/14/04
5090.000000 1.262728 0.569988 2006/21/04
5097.000000 2.005085 0.903233 2006/28/04
5104.000000 2.115901 0.952978 2006/05/05
5111.000000 1.696798 0.764842 2006/13/05
5118.000000 4.626769 2.080110 2006/19/05
5125.000000 3.151910 1.418044 2006/26/05
5132.000000 1.555317 0.701331 2006/04/06
5139.000000 -4.032876 -1.807217 2006/09/06
5146.000000 -2.685263 -1.202272 2006/16/06
5153.000000 4.873190 2.190729 2006/23/06
5160.000000 2.325673 1.047145 2006/30/06
5167.000000 -4.845841 -2.172158 2006/07/07
5174.000000 -5.749877 -2.577981 2006/14/07
5181.000000 -4.134694 -1.852923 2006/21/07
5188.000000 -0.017502 -0.004710 2006/28/07
5195.000000 -0.693731 -0.308270 2006/04/08
5202.000000 -2.246348 -1.005242 2006/11/08
5209.000000 -2.425305 -1.085576 2006/18/08
5216.000000 1.052899 0.475795 2006/25/08
5223.000000 -3.714526 -1.664309 2006/01/09
5230.000000 -2.986567 -1.337527 2006/08/09
5237.000000 1.761506 0.793890 2006/15/09
5244.000000 -0.722123 -0.321015 2006/22/09
5251.000000 -1.276240 -0.569759 2006/29/09
5258.000000 -1.387151 -0.619547 2006/06/10
5265.000000 4.150653 1.866381 2006/13/10
5272.000000 1.233772 0.556989 2006/20/10
5279.000000 -2.050871 -0.917492 2006/27/10
5286.000000 0.173237 0.080914 2006/03/11
5293.000000 -3.388495 -1.517953 2006/10/11
5300.000000 -1.052374 -0.469265 2006/17/11
5307.000000 -1.276898 -0.570054 2006/24/11
5314.000000 0.786905 0.356390 2006/01/12
5321.000000 -1.264706 -0.564581 2006/08/12
5328.000000 -0.848201 -0.377612 2006/15/12
5335.000000 -1.772631 -0.792589 2006/22/12
5342.000000 -2.379330 -1.064938 2006/29/12
5349.000000 -1.051507 -0.468876 2007/05/01
5356.000000 -2.083718 -0.932237 2007/12/01
5363.000000 -2.111297 -0.944617 2007/19/01
5370.000000 -1.709748 -0.764361 2007/26/01
5377.000000 3.125838 1.406340 2007/02/02
5384.000000 0.181320 0.084542 2007/09/02
5391.000000 0.093945 0.045319 2007/16/02
5398.000000 0.442682 0.201867 2007/23/02
5405.000000 -3.081602 -1.380188 2007/02/03
5412.000000 -2.966094 -1.328337 2007/09/03
5419.000000 -4.216165 -1.889496 2007/16/03
5426.000000 0.414381 0.189163 2007/23/03
5433.000000 0.092886 0.044844 2007/30/03
5440.000000 -0.292678 -0.128237 2007/06/04
5447.000000 -1.864306 -0.833742 2007/13/04
5454.000000 -1.034593 -0.461283 2007/20/04
5461.000000 -1.127381 -0.502936 2007/27/04
5468.000000 1.261641 0.569499 2007/04/05
5475.000000 2.034401 0.916392 2007/11/05
5482.000000 1.630033 0.734871 2007/18/05
5489.000000 -2.385407 -1.067666 2007/25/05
5496.000000 -0.969058 -0.431864 2007/01/06
5503.000000 0.758801 0.343774 2007/08/06
5510.000000 1.264980 0.570999 2007/15/06
5517.000000 2.593782 1.167500 2007/22/06
5524.000000 -0.182455 -0.078757 2007/29/06
5531.000000 -1.622685 -0.725279 2007/06/07
5538.000000 -3.056381 -1.368867 2007/13/07
5545.000000 -1.422735 -0.635521 2007/20/07
5552.000000 0.820178 0.371326 2007/28/07
5559.000000 1.126176 0.508689 2007/03/08
5566.000000 -4.528310 -2.029618 2007/10/08
5573.000000 0.516351 0.234938 2007/17/08
5580.000000 2.413445 1.086546 2007/24/08
5587.000000 2.720184 1.224242 2007/31/08
5594.000000 -3.912201 -1.753045 2007/07/09
5601.000000 -1.408558 -0.629157 2007/14/09
5608.000000 -0.250101 -0.109124 2007/21/09
5615.000000 -2.954863 -1.323295 2007/28/09
5622.000000 0.721711 0.327124 2007/05/10
5629.000000 3.426053 1.541107 2007/12/10
5636.000000 3.395703 1.527483 2007/19/10
5643.000000 -1.061508 -0.473365 2007/26/10
5650.000000 0.611762 0.277768 2007/02/11
5657.000000 2.231621 1.004925 2007/09/11
5664.000000 -1.127678 -0.503069 2007/16/11
5671.000000 -0.104258 -0.043655 2007/23/11
5678.000000 -0.518964 -0.229817 2007/30/11
5685.000000 1.384456 0.624631 2007/07/12
5692.000000 7.199341 3.234942 2007/14/12
5699.000000 0.456292 0.207977 2007/21/12
5706.000000 2.283484 1.028206 2007/28/12
5713.000000 -0.992870 -0.442554 2008/04/01
5720.000000 -0.097960 -0.040827 2008/11/01
5727.000000 0.382241 0.174735 2008/18/01
5734.000000 0.391627 0.178949 2008/25/01
5741.000000 -0.765416 -0.340449 2008/01/02
5748.000000 3.236567 1.456047 2008/08/02
5755.000000 1.434562 0.647124 2008/15/02
5762.000000 -1.762554 -0.788066 2008/22/02
5769.000000 -3.183829 -1.426078 2008/29/02
5776.000000 0.023807 0.013834 2008/07/03
5783.000000 -0.284595 -0.124608 2008/14/03
5790.000000 1.327700 0.599154 2008/21/03
5797.000000 0.358682 0.164160 2008/28/03
5804.000000 -0.062970 -0.025120 2008/04/04
5811.000000 0.981479 0.443734 2008/11/04
5818.000000 -0.129871 -0.055152 2008/18/04
5825.000000 0.739758 0.335226 2008/25/04
5832.000000 0.095172 0.045870 2008/02/05
5839.000000 -2.161358 -0.967090 2008/09/05
5846.000000 -0.700541 -0.311327 2008/16/05
5853.000000 -0.246361 -0.107445 2008/23/05
5860.000000 -0.296209 -0.129822 2008/30/05
5867.000000 0.119183 0.056648 2008/06/06
5874.000000 1.425991 0.643276 2008/13/06
5881.000000 2.907721 1.308427 2008/20/06
5888.000000 2.685801 1.208807 2008/27/06
5895.000000 4.290298 1.929068 2008/04/07
5902.000000 0.990732 0.447888 2008/11/07
5909.000000 0.476939 0.217245 2008/18/07
5916.000000 -2.840049 -1.271755 2008/25/07
5923.000000 -1.837170 -0.821561 2008/01/08
5930.000000 3.681413 1.655739 2008/08/08
5937.000000 0.704952 0.319601 2008/15/08
5944.000000 -0.863430 -0.384448 2008/22/08
5951.000000 -1.266448 -0.565363 2008/29/08
5958.000000 0.257437 0.118711 2008/05/09
5965.000000 1.983890 0.893718 2008/12/09
5972.000000 -0.687599 -0.305517 2008/19/09
5979.000000 0.685789 0.310999 2008/26/09
5986.000000 -0.400440 -0.176611 2008/02/10
5993.000000 -1.138854 -0.508086 2008/10/10
6000.000000 -0.340930 -0.149897 2008/17/10
6007.000000 -2.407912 -1.077768 2008/24/10
6014.000000 -2.291643 -1.025575 2008/31/10
6021.000000 2.924655 1.316029 2008/07/11
6028.000000 0.945716 0.427680 2008/14/11
6035.000000 0.123688 0.058671 2008/21/11
6042.000000 -1.522218 -0.680179 2008/28/11
6049.000000 -0.245926 -0.107249 2008/05/12
6056.000000 0.365513 0.167226 2008/12/12
6063.000000 -0.227875 -0.099147 2008/19/12
6070.000000 -2.238631 -1.001778 2008/26/12
6077.000000 -1.841352 -0.823438 2009/02/01
6084.000000 -3.032094 -1.357964 2009/09/01
6091.000000 -2.557691 -1.145004 2009/16/01
6098.000000 -1.315058 -0.587184 2009/23/01
6105.000000 5.309487 2.386583 2009/30/01
6112.000000 -0.349173 -0.153597 2009/06/02
6119.000000 0.025559 0.014621 2009/13/02
6126.000000 1.232358 0.556355 2009/20/02
6133.000000 -0.407818 -0.179923 2009/27/02
6140.000000 -2.221693 -0.994174 2009/06/03
6147.000000 1.176167 0.531130 2009/13/03
6154.000000 3.383047 1.521802 2009/20/03
6161.000000 -1.402406 -0.626395 2009/27/03
6168.000000 -1.960777 -0.877048 2009/03/04
6175.000000 -1.812573 -0.810519 2009/10/04
6182.000000 -0.208963 -0.090657 2009/17/04
6189.000000 -2.042517 -0.913742 2009/24/04
6196.000000 0.872104 0.394636 2009/01/05
6203.000000 -2.772467 -1.241417 2009/08/05
6210.000000 -1.556771 -0.695690 2009/15/05
6217.000000 0.265156 0.122176 2009/22/05
6224.000000 0.625650 0.284002 2009/29/05
6231.000000 -3.536507 -1.584396 2009/05/06
6238.000000 3.904171 1.755735 2009/12/06
6245.000000 3.850341 1.731571 2009/19/06
6252.000000 -0.457544 -0.202245 2009/26/06
6259.000000 0.999529 0.451837 2009/03/07
6266.000000 -0.609994 -0.270680 2009/10/07
6273.000000 -0.727314 -0.323345 2009/17/07
6280.000000 -1.862349 -0.832864 2009/24/07
6287.000000 1.407147 0.634817 2009/30/07
6294.000000 -0.193612 -0.083766 2009/07/08
6301.000000 3.654204 1.643525 2009/14/08
6308.000000 0.923545 0.417728 2009/21/08
6315.000000 -0.518221 -0.229483 2009/28/08
6322.000000 0.940770 0.425460 2009/04/09
6329.000000 -5.283263 -2.368517 2009/11/09
6336.000000 -0.630090 -0.279701 2009/18/09
6343.000000 1.374002 0.619938 2009/25/09
6350.000000 2.065509 0.930357 2009/02/10
6357.000000 -1.307091 -0.583608 2009/09/10
6364.000000 -1.484236 -0.663129 2009/16/10
6371.000000 -1.036189 -0.462000 2009/23/10
6378.000000 1.586071 0.715137 2009/30/10
6385.000000 -1.269963 -0.566941 2009/06/11
6392.000000 -1.339040 -0.597950 2009/13/11
6399.000000 -0.088708 -0.036674 2009/20/11
6406.000000 -1.869688 -0.836159 2009/27/11
NaN NaN NaN 2009/04/12
6420.000000 1.034796 0.467668 2009/11/12
6427.000000 0.572361 0.260081 2009/18/12
6434.000000 -2.716562 -1.216321 2009/24/12
6441.000000 -0.997330 -0.444556 2009/31/12
6448.000000 1.173195 0.529796 2010/08/01
6455.000000 -1.162622 -0.518756 2010/15/01
6462.000000 1.397568 0.630517 2010/22/01
NaN NaN NaN 2010/29/01
6476.000000 0.009532 0.007426 2010/05/02
6483.000000 2.402018 1.081417 2010/12/02
6490.000000 0.282864 0.130125 2010/19/02
6497.000000 -1.536840 -0.686743 2010/26/02
6504.000000 -0.173482 -0.074729 2010/05/03
6511.000000 2.568909 1.156334 2010/12/03
6518.000000 1.668311 0.752054 2010/19/03
6525.000000 -2.615804 -1.171091 2010/26/03
6532.000000 0.376874 0.172326 2010/02/04
6539.000000 1.636763 0.737892 2010/09/04
6546.000000 1.253588 0.565884 2010/16/04
6553.000000 -0.004406 0.001169 2010/23/04
6560.000000 1.528804 0.689429 2010/30/04
6567.000000 0.486368 0.221478 2010/07/05
6574.000000 0.878058 0.397309 2010/14/05
6581.000000 -1.250075 -0.558013 2010/21/05
6588.000000 -2.955836 -1.323732 2010/28/05
6595.000000 1.359188 0.613289 2010/04/06
6602.000000 -3.420085 -1.532134 2010/11/06
6609.000000 4.428256 1.990998 2010/18/06
6616.000000 -2.956212 -1.323901 2010/25/06
6623.000000 2.324563 1.046647 2010/02/07
6630.000000 0.678044 0.307522 2010/09/07
6637.000000 -0.207929 -0.090193 2010/16/07
6644.000000 3.465853 1.558973 2010/23/07
6651.000000 -0.899099 -0.400460 2010/30/07
6658.000000 -0.858130 -0.382069 2010/06/08
6665.000000 -0.272756 -0.119293 2010/13/08
6672.000000 0.279861 0.128777 2010/20/08
6679.000000 2.077203 0.935607 2010/27/08
6686.000000 0.591484 0.268665 2010/04/09
6693.000000 -0.970509 -0.432516 2010/10/09
6700.000000 0.172211 0.080453 2010/17/09
6707.000000 1.154265 0.521298 2010/24/09
6714.000000 1.523162 0.686896 2010/01/10
6721.000000 0.898431 0.406454 2010/08/10
NaN NaN NaN 2010/15/10
6735.000000 0.260643 0.120150 2010/22/10
6742.000000 1.858192 0.837292 2010/29/10
6749.000000 -0.338484 -0.148799 2010/05/11
6756.000000 1.376365 0.620999 2010/12/11
6763.000000 -1.104529 -0.492678 2010/19/11
6770.000000 -0.951838 -0.424134 2010/26/11
6777.000000 1.120197 0.506005 2010/03/12
6784.000000 3.423798 1.540095 2010/10/12
6791.000000 1.697901 0.765337 2010/17/12
6798.000000 -0.191408 -0.082776 2010/24/12
6805.000000 5.419701 2.436059 2010/31/12
6812.000000 -2.576484 -1.153440 2011/07/01
6819.000000 -1.658440 -0.741329 2011/14/01
6826.000000 0.935400 0.423050 2011/21/01
6833.000000 -1.222576 -0.545669 2011/28/01
6840.000000 1.391524 0.627804 2011/04/02
6847.000000 -2.526319 -1.130921 2011/11/02
6854.000000 -0.167634 -0.072104 2011/19/02
6861.000000 1.318767 0.595143 2011/25/02
6868.000000 0.936806 0.423681 2011/04/03
6875.000000 -2.867057 -1.283879 2011/11/03
6882.000000 2.575804 1.159429 2011/18/03
6889.000000 1.755639 0.791256 2011/25/03
6896.000000 -0.056375 -0.022160 2011/01/04
6903.000000 1.111068 0.501907 2011/08/04
6910.000000 0.758561 0.343666 2011/15/04
6917.000000 -0.004859 0.000966 2011/22/04
6924.000000 0.087494 0.042423 2011/29/04
6931.000000 -1.680730 -0.751335 2011/06/05
6938.000000 -3.249461 -1.455541 2011/14/05
6945.000000 -0.362567 -0.159610 2011/20/05
6952.000000 -0.167997 -0.072267 2011/27/05
6959.000000 4.192285 1.885070 2011/03/06
6966.000000 2.052613 0.924568 2011/10/06
6973.000000 0.654143 0.296793 2011/16/06
6980.000000 -0.434447 -0.191877 2011/24/06
6987.000000 2.183919 0.983511 2011/01/07
6994.000000 3.995679 1.796813 2011/08/07
7001.000000 0.887668 0.401623 2011/15/07
7008.000000 -1.311837 -0.585739 2011/22/07
7015.000000 0.487854 0.222145 2011/29/07
7022.000000 0.390740 0.178551 2011/05/08
7029.000000 -5.275162 -2.364881 2011/12/08
7036.000000 -0.347267 -0.152741 2011/19/08
7043.000000 1.761881 0.794058 2011/26/08
7050.000000 -2.835318 -1.269631 2011/02/09
7057.000000 -1.111682 -0.495889 2011/09/09
7064.000000 0.154346 0.072433 2011/16/09
7071.000000 -0.231906 -0.100956 2011/23/09
7078.000000 1.217870 0.549851 2011/30/09
7085.000000 -0.745951 -0.331712 2011/07/10
7092.000000 1.498075 0.675635 2011/14/10
7099.000000 -0.008561 -0.000696 2011/21/10
7106.000000 -0.125315 -0.053107 2011/28/10
7113.000000 -1.223488 -0.546079 2011/04/11
7120.000000 1.582996 0.713756 2011/11/11
7127.000000 0.226995 0.105045 2011/18/11
7134.000000 -0.862246 -0.383916 2011/23/11
7141.000000 -2.109264 -0.943705 2011/02/12
7148.000000 -3.652324 -1.636387 2011/09/12
7155.000000 -0.963146 -0.429211 2011/16/12
NaN NaN NaN 2011/23/12
7169.000000 -1.189206 -0.530689 2011/30/12
7176.000000 -2.120105 -0.948571 2012/06/01
7183.000000 -0.198493 -0.085957 2012/13/01
7190.000000 -1.963627 -0.878328 2012/20/01
7197.000000 -0.173835 -0.074888 2012/27/01
7204.000000 -0.195779 -0.084739 2012/03/02
7211.000000 6.876147 3.089859 2012/10/02
7218.000000 1.260249 0.568875 2012/15/02
7225.000000 0.647761 0.293928 2012/24/02
7232.000000 -0.017130 -0.004543 2012/02/03
7239.000000 -1.707492 -0.763349 2012/10/03
7246.000000 1.465957 0.661217 2012/16/03
7253.000000 -3.795749 -1.700770 2012/23/03
7260.000000 -2.500551 -1.119354 2012/30/03
7267.000000 -2.946219 -1.319415 2012/06/04
7274.000000 -2.361236 -1.056815 2012/13/04
7281.000000 -2.725699 -1.220423 2012/20/04
7288.000000 -2.502151 -1.120072 2012/28/04
7295.000000 -1.426319 -0.637129 2012/04/05
7302.000000 -0.177673 -0.076611 2012/11/05
7309.000000 -0.069816 -0.028193 2012/18/05
7316.000000 -3.710637 -1.662563 2012/28/05
7323.000000 -1.972230 -0.882190 2012/01/06
7330.000000 0.689422 0.312630 2012/08/06
7337.000000 1.594987 0.719139 2012/15/06
7344.000000 3.662527 1.647261 2012/22/06
7351.000000 0.128402 0.060787 2012/29/06
7358.000000 -3.711715 -1.663047 2012/06/07
7365.000000 -2.551754 -1.142339 2012/13/07
7372.000000 -0.424168 -0.187263 2012/20/07
7379.000000 -1.618906 -0.723582 2012/27/07
7386.000000 2.407507 1.083881 2012/03/08
7393.000000 1.262723 0.569985 2012/10/08
7400.000000 2.009122 0.905045 2012/17/08
7407.000000 -0.075860 -0.030907 2012/24/08
7414.000000 0.300330 0.137966 2012/31/08
7421.000000 4.375191 1.967177 2012/07/09
7428.000000 -1.789263 -0.800056 2012/14/09
7435.000000 3.682856 1.656387 2012/21/09
7442.000000 0.830491 0.375956 2012/28/09
7449.000000 0.354672 0.162360 2012/05/10
7456.000000 1.497483 0.675369 2012/12/10
7463.000000 -1.309009 -0.584469 2012/19/10
7470.000000 -0.553783 -0.245447 2012/26/10
7477.000000 -1.447810 -0.646777 2012/02/11
7484.000000 -3.324841 -1.489379 2012/09/11
7491.000000 0.687966 0.311976 2012/16/11
7498.000000 2.829655 1.273383 2012/23/11
7505.000000 1.875296 0.844970 2012/01/12
7512.000000 -1.563937 -0.698906 2012/07/12
7519.000000 0.019535 0.011916 2012/14/12
7526.000000 -0.429805 -0.189793 2012/21/12
NaN NaN NaN 2012/28/12
7540.000000 0.419761 0.191578 2013/04/01
7547.000000 -0.691120 -0.307098 2013/12/01
7554.000000 3.157393 1.420505 2013/18/01
7561.000000 0.346264 0.158585 2013/25/01
7568.000000 -1.271736 -0.567737 2013/01/02
7575.000000 2.628612 1.183135 2013/08/02
7582.000000 5.385422 2.420671 2013/15/02
7589.000000 -3.200048 -1.433359 2013/23/02
7596.000000 3.646617 1.640119 2013/01/03
7603.000000 -0.917216 -0.408593 2013/08/03
7610.000000 -0.811656 -0.361207 2013/15/03
7617.000000 -2.714907 -1.215578 2013/22/03
7624.000000 1.845965 0.831804 2013/29/03
7631.000000 0.274139 0.126208 2013/05/04
NaN NaN NaN 2013/12/04
7645.000000 2.530743 1.139201 2013/19/04
7652.000000 -1.191592 -0.531760 2013/26/04
7659.000000 0.160204 0.075063 2013/03/05
7666.000000 0.797353 0.361080 2013/10/05
7673.000000 1.876806 0.845648 2013/17/05
7680.000000 0.301063 0.138294 2013/24/05
7687.000000 2.918255 1.313156 2013/31/05
7694.000000 -1.417535 -0.633186 2013/07/06
7701.000000 -0.975720 -0.434855 2013/14/06
7708.000000 0.441559 0.201364 2013/21/06
7715.000000 1.070360 0.483633 2013/28/06
7722.000000 4.665991 2.097717 2013/05/07
7729.000000 -5.575869 -2.499869 2013/12/07
7736.000000 -1.108067 -0.494266 2013/19/07
7743.000000 -2.400901 -1.074621 2013/26/07
7750.000000 3.858815 1.735375 2013/02/08
7757.000000 4.968532 2.233528 2013/09/08
7764.000000 -2.639468 -1.181714 2013/16/08
7771.000000 1.292256 0.583243 2013/23/08
7778.000000 3.686376 1.657967 2013/30/08
7785.000000 2.470601 1.112203 2013/06/09
7792.000000 -2.302766 -1.030568 2013/13/09
7799.000000 -0.917494 -0.408717 2013/20/09
7806.000000 0.075726 0.037141 2013/27/09
NaN NaN NaN 2013/04/10
7820.000000 1.152580 0.520542 2013/11/10
7827.000000 -0.219082 -0.095199 2013/18/10
7834.000000 1.974454 0.889482 2013/25/10
7841.000000 -1.597780 -0.714099 2013/01/11
7848.000000 -1.779684 -0.795756 2013/08/11
7855.000000 1.871277 0.843166 2013/15/11
7862.000000 0.183674 0.085599 2013/22/11
NaN NaN NaN 2013/29/11
NaN NaN NaN 2013/06/12
7883.000000 0.374055 0.171061 2013/13/12
7890.000000 -0.011914 -0.002201 2013/20/12
7897.000000 0.739656 0.335180 2013/27/12
7904.000000 0.758192 0.343500 2014/03/01
7911.000000 0.562430 0.255623 2014/10/01
7918.000000 -0.398652 -0.175809 2014/17/01
7925.000000 1.345072 0.606952 2014/24/01
7932.000000 -0.924312 -0.411778 2014/31/01
7939.000000 -0.012107 -0.002288 2014/07/02
7946.000000 -1.790517 -0.800619 2014/14/02
7953.000000 1.521594 0.686193 2014/21/02
7960.000000 0.168735 0.078892 2014/28/02
7967.000000 2.648572 1.192095 2014/07/03
7974.000000 2.031483 0.915083 2014/14/03
7981.000000 1.519925 0.685443 2014/21/03
7988.000000 1.917628 0.863973 2014/28/03
7995.000000 1.678688 0.756712 2014/04/04
NaN NaN NaN 2014/11/04
8009.000000 2.043213 0.920348 2014/18/04
8016.000000 2.447969 1.102044 2014/26/04
8023.000000 0.906946 0.410276 2014/02/05
8030.000000 1.342309 0.605712 2014/10/05
8037.000000 0.371865 0.170078 2014/16/05
8044.000000 0.068877 0.034066 2014/24/05
8051.000000 3.452127 1.552812 2014/30/05
8058.000000 0.666235 0.302221 2014/06/06
NaN NaN NaN 2014/13/06
8072.000000 -1.941753 -0.868509 2014/20/06
8079.000000 3.400619 1.529690 2014/27/06
8086.000000 2.224795 1.001861 2014/04/07
8093.000000 0.206547 0.095866 2014/11/07
8100.000000 -0.086910 -0.035867 2014/18/07
8107.000000 2.514156 1.131755 2014/25/07
8114.000000 -4.237036 -1.898864 2014/01/08
8121.000000 -4.763003 -2.134972 2014/08/08
NaN NaN NaN 2014/15/08
8135.000000 -3.714754 -1.664412 2014/22/08
8142.000000 -1.340280 -0.598507 2014/29/08
8149.000000 -1.730192 -0.773539 2014/05/09
8156.000000 1.987898 0.895517 2014/12/09
8163.000000 1.690287 0.761919 2014/19/09
8170.000000 0.286309 0.131671 2014/26/09
8177.000000 1.097323 0.495737 2014/03/10
8184.000000 4.665618 2.097549 2014/10/10
8191.000000 0.863295 0.390682 2014/17/10
8198.000000 2.441188 1.099000 2014/25/10
8205.000000 2.817888 1.268101 2014/31/10
8212.000000 0.508915 0.231600 2014/07/11
